planetlab2.cnis.nyit.edu 24 110 94 109 273 205 168 248 23 43 113 64 284 100 91
planetlab2.cs.purdue.edu 34 129 112 116 269 203 169 265 84 85 125 98 274 160 97
planet6.cs.ucsb.edu 80 30 10 162 182 118 182 165 98 83 164 77 189 168 47
planetlab-03.cs.princeton.edu 11 102 86 104 271 208 163 283 14 31 99 51 282 96 86
planetslug5.cse.ucsc.edu 81 24 4 152 181 121 184 165 92 76 153 72 190 163 40
planetlab2.cs.colorado.edu 45 68 49 139 216 151 162 216 76 59 143 73 236 157 54
planet1.cs.rochester.edu 21 106 90 105 255 203 170 239 22 53 110 50 253 94 77
planetlab2.netlab.uky.edu 40 113 110 119 283 209 179 269 41 40 141 69 278 129 102
planetlab1.byu.edu 59 42 25 164 198 138 206 210 77 61 168 55 201 157 26
planetlab02.cs.washington.edu 74 39 22 163 203 121 200 175 74 57 169 53 201 156 23
planetlab-1.cmcl.cs.cmu.edu 9 92 92 99 264 188 146 273 145 129 107 124 268 159 93
planetlab2.cs.uoregon.edu 95 53 36 164 192 128 199 199 88 64 165 77 194 163 32
planetlab2.acis.ufl.edu 46 100 121 130 276 216 155 265 44 60 131 46 284 132 80
planetlab1.xeno.cl.cam.ac.uk 83 166 151 20 335 268 210 296 86 102 17 149 265 15 145
planetlab-2.usask.ca 67 52 51 152 221 141 230 242 81 70 146 83 226 156 46
vn5.cse.wustl.edu 33 79 56 120 235 169 182 234 88 89 123 77 252 172 73
pl2.cs.yale.edu 21 93 78 86 266 192 147 264 22 41 87 70 259 88 98
ricepl-4.cs.rice.edu 43 67 47 124 228 151 170 197 84 75 129 63 227 164 79
miranda.planetlab.cs.umd.edu 5 94 77 97 264 190 152 281 76 81 101 94 279 163 87
planetlab7.csres.utexas.edu 45 74 57 134 223 162 174 226 134 118 139 112 223 169 82
planetlab6.cs.cornell.edu 20 94 77 98 270 196 149 250 89 108 107 96 261 169 96
planetlabtwo.ccs.neu.edu 27 100 100 88 278 204 176 281 95 79 88 93 277 106 88
planetlab1.uta.edu 38 66 48 131 236 156 165 219 86 76 132 63 240 177 67
planetlab2.utep.edu 58 87 71 147 227 173 190 234 102 93 152 81 232 136 82
plab3.eece.ksu.edu 34 76 76 117 251 175 186 257 36 19 114 38 251 115 60
roam1.cs.ou.edu 50 69 53 129 229 161 212 220 81 65 131 60 222 162 63
planetlab-4.ece.iastate.edu 35 67 63 129 227 162 175 228 33 18 129 50 222 111 65
planetlab-4.eecs.cwru.edu 11 83 64 106 248 172 150 242 136 121 109 115 252 158 86
kupl2.ittc.ku.edu 33 75 75 115 245 161 172 257 35 17 113 37 246 114 63
planetlab2.cs.uit.no 133 206 189 69 402 331 282 417 149 164 72 169 414 56 207
planetlab2.temple.edu 11 102 83 99 266 203 149 248 11 47 104 45 267 94 79
planetvs2.informatik.uni-stuttgart.de 103 187 170 40 359 289 234 304 98 115 37 172 288 18 160
planetlab3.cse.nd.edu 38 133 116 120 273 208 173 270 136 121 131 114 282 166 84
planetlab-2.cs.colostate.edu 46 63 43 139 227 165 200 225 104 88 162 83 227 157 53
plonk.cs.uwaterloo.ca 23 96 92 129 261 191 162 231 30 49 124 57 253 113 77
onelab3.info.ucl.ac.be 88 168 152 22 331 261 195 328 95 112 27 115 317 10 153
planetlab1.clemson.edu 15 110 93 108 256 187 152 261 16 34 110 44 265 106 87
planetlab02.tkn.tu-berlin.de 103 188 173 42 351 297 225 247 104 120 46 131 195 26 169
planetlab2.di.unito.it 104 182 165 40 345 289 209 331 105 121 44 135 360 24 167
planetlab1.polito.it 105 183 166 41 346 284 210 331 105 121 44 135 360 24 167
pl2.eng.monash.edu.au 242 191 174 323 89 212 366 138 212 215 307 183 107 310 165
planetlab1.ecs.vuw.ac.nz 220 175 156 305 152 194 336 182 238 222 325 216 239 313 187
planetlab1.tlm.unavarra.es 123 222 201 60 377 322 275 367 127 174 61 168 381 127 199
planetlab-1.cs.auckland.ac.nz 210 159 139 288 134 152 319 165 235 219 297 214 223 320 185
planetlab2.s3.kth.se 111 188 172 46 369 306 255 340 121 137 49 146 303 34 184
planetlab2.cs.vu.nl 84 169 153 31 339 282 234 324 92 109 26 121 319 5 151
planetlab1.cs.pitt.edu 9 92 92 104 259 193 150 250 144 129 102 123 256 165 93
planetlab1.u-strasbg.fr 101 195 186 40 347 298 247 349 90 105 30 120 340 28 153
host1.planetlab.informatik.tu-darmstadt.de 98 185 168 34 200 288 221 312 94 114 33 166 262 12 156
onelab6.iet.unipi.it 106 185 168 43 357 300 212 339 109 124 48 138 371 28 171
pl2.planet.cs.kent.edu 24 92 92 120 247 187 162 274 26 26 121 49 259 112 87
planetlab3.informatik.uni-erlangen.de 102 194 179 37 359 278 224 229 102 119 35 139 196 16 167
planetlab-1.cs.uic.edu 20 79 79 108 245 192 159 249 76 59 114 72 259 160 78
planetlab1.csee.usf.edu 49 125 125 126 284 217 181 263 32 54 125 38 278 120 74
peeramidion.irisa.fr 87 183 167 32 264 277 284 264 89 104 28 118 259 27 152
planetlab1.eecs.ucf.edu 25 105 113 125 265 196 153 248 34 51 123 37 252 124 72
planetlab2.informatik.uni-wuerzburg.de 94 187 179 30 350 277 242 230 103 119 34 141 198 15 167
plewifi.ipv6.lip6.fr 83 179 163 27 327 278 279 268 85 100 25 114 248 23 147
planetlab1.exp-math.uni-essen.de 104 195 181 40 358 278 228 247 100 117 38 132 197 19 165
planet1.cs.huji.ac.il 180 266 246 115 421 353 312 417 182 200 120 211 430 100 244
planetlab1.bgu.ac.il 180 265 244 115 429 353 311 417 181 199 119 211 430 100 244
pub2-s.ane.cmc.osaka-u.ac.jp 196 155 138 294 85 14 312 71 190 185 298 159 95 284 133
planet1.pnl.nitech.ac.jp 195 154 137 287 84 15 311 70 189 184 297 159 94 283 132
planetlab4.goto.info.waseda.ac.jp 187 146 129 285 77 4 304 62 199 193 289 174 86 274 150
planetlab2.aston.ac.uk 104 184 166 25 349 296 242 355 94 112 26 124 355 23 154
planetlab1.informatik.uni-goettingen.de 105 191 182 41 365 304 255 243 114 131 46 139 191 28 181
planetlab1.umassd.edu 19 98 83 105 263 205 152 271 24 63 116 59 274 101 88
planetlab-02.ece.uprm.edu 65 129 113 158 300 222 153 245 138 150 166 133 274 221 135
planetlab-1.elisa.cpsc.ucalgary.ca 71 77 49 163 223 158 201 208 82 80 143 86 218 164 51
planetlab3.comp.nus.edu.sg 231 205 188 338 5 73 364 90 491 484 704 444 30 697 392
planetlab2.williams.edu 18 98 81 93 266 194 150 267 20 35 94 57 275 91 83
pllx1.parc.xerox.com 79 44 24 173 204 127 195 196 76 72 177 49 188 161 24
planetlab1.engr.uconn.edu 17 110 93 104 259 188 129 251 19 34 105 56 260 90 93
plab2.nec-labs.com 9 99 81 94 258 191 143 262 11 31 92 52 258 90 80
plab2-c703.uibk.ac.at 114 190 174 50 361 282 264 254 115 132 53 142 207 45 177
nodeb.howard.edu 5 93 76 97 256 184 154 267 6 42 98 40 268 94 74
planetlab1.lkn.ei.tum.de 107 199 185 43 352 282 230 233 101 118 41 138 203 21 164
planetlab4.cs.st-andrews.ac.uk 93 183 167 26 341 290 234 347 95 113 26 125 342 24 155
pl1.cis.uab.edu 33 113 109 107 257 199 165 267 35 52 112 56 257 114 92
planetlab2.dit.upm.es 102 198 179 40 361 301 255 338 105 150 43 147 371 106 175
orval.infonet.fundp.ac.be 94 176 159 24 339 286 198 329 96 114 30 124 319 12 155
onelab10.pl.sophia.inria.fr 103 195 183 36 360 296 231 346 95 111 36 130 342 34 157
planetlab1.montefiore.ulg.ac.be 92 173 156 27 336 266 199 331 98 116 32 119 327 15 156
planetlab03.mpi-sws.mpg.de 98 200 180 34 358 287 247 262 112 128 39 153 211 19 177
pl1.uni-rostock.de 108 199 184 47 364 308 258 249 118 135 50 144 196 31 183
planetlab2.cs.okstate.edu 46 75 74 130 227 170 170 233 81 64 131 60 236 161 62
planetlab2.ics.forth.gr 150 232 219 92 401 322 287 392 142 162 80 181 408 60 204
planetlab2.iis.sinica.edu.tw 200 150 133 285 113 41 311 59 199 184 285 167 86 275 133
planetlab2.ntu.nodes.planet-lab.org 220 158 139 297 87 58 342 61 203 189 298 177 89 289 138
planetlab-1.webedu.ccu.edu.tw 237 184 167 316 100 81 349 74 251 234 311 229 99 308 205
planetlab2.mnlab.cti.depaul.edu 20 79 79 113 246 194 172 234 75 59 108 72 241 162 78
planetlab2.thlab.net 85 182 161 25 337 279 237 318 86 130 24 127 351 89 154
planetlab2.wiwi.hu-berlin.de 103 194 180 44 356 295 224 247 105 120 45 131 195 26 169
planetlab2.eecs.umich.edu 23 85 84 111 250 184 176 214 81 66 132 79 249 169 74
mtuplanetlab2.cs.mtu.edu 36 94 93 120 269 193 185 223 89 73 141 87 257 177 81
mars.planetlab.haw-hamburg.de 109 193 184 45 360 300 232 246 113 129 51 137 196 33 176
planetlab2.fem.tu-ilmenau.de 97 196 182 34 357 279 248 252 106 121 38 142 199 18 170
planet2.inf.tu-dresden.de 104 194 179 39 357 301 253 235 112 128 45 147 206 25 178
planetlab2.cs.ubc.ca 78 28 26 174 180 107 214 198 81 68 161 82 188 164 26
pl1.csl.utoronto.ca 18 79 66 97 260 190 153 252 23 40 94 52 243 92 77
plab1.larc.usp.br 145 204 185 237 373 300 3 370 144 160 246 145 361 231 180
plab1-itec.uni-klu.ac.at 109 188 169 45 347 279 261 252 112 130 49 139 204 42 174
planet1.cc.gt.atl.ga.us 30 125 108 108 264 190 163 234 88 89 112 93 229 113 97
planetlab02.dis.unina.it 115 193 176 50 362 306 219 345 115 132 55 143 377 36 179
csplanetlab4.kaist.ac.kr 226 154 157 318 225 48 335 40 211 189 335 177 71 289 153
146-179.surfsnel.dsl.internl.net 94 179 162 40 345 291 248 333 101 119 35 129 322 13 159
planetlab2.dtc.umn.edu 31 90 90 131 248 198 179 237 85 69 133 82 239 166 78
planetlab4.cslab.ece.ntua.gr 142 230 212 82 394 317 279 383 136 155 74 174 401 53 198
planetlab1.fit.vutbr.cz 125 213 199 52 372 309 249 338 106 125 45 184 353 23 167
ebb.colgate.edu 31 97 80 114 264 193 179 267 52 69 117 68 265 103 103
planetlab-1.man.poznan.pl 114 186 167 40 353 277 281 328 126 135 51 149 296 32 188
planet0.jaist.ac.jp 200 160 143 298 94 19 312 67 211 205 303 187 98 289 162
gschembra4.diit.unict.it 127 205 188 63 374 315 232 360 129 144 68 155 385 49 191
planet11.csc.ncsu.edu 17 112 95 118 272 179 151 270 19 36 120 60 265 107 91
planetlab6.cs.duke.edu 11 106 89 104 253 183 152 255 13 30 109 53 249 96 84
planetlab1.tmit.bme.hu 126 218 200 54 364 306 269 363 114 151 47 199 385 27 177
host4-plb.loria.fr 86 182 166 31 257 281 283 271 88 103 27 117 258 26 151
planetlab-2.ing.unimo.it 103 185 168 40 338 297 210 328 106 121 45 135 339 25 167
planet1.itc.auth.gr 151 238 220 94 397 321 286 395 143 163 81 181 409 61 205
uoepl1.essex.ac.uk 82 166 152 21 331 273 209 297 86 104 17 150 266 15 145
planetlab1.cs.stevens-tech.edu 9 91 74 84 255 183 138 260 11 30 84 45 274 86 80
planetlab5.flux.utah.edu 55 74 74 148 250 174 215 229 59 41 167 56 209 144 57
planetlab2.ci.pwr.wroc.pl 119 191 172 45 377 281 287 328 137 162 69 162 296 54 204
pl1.ucs.indiana.edu 33 128 111 115 274 209 166 265 83 85 125 98 274 160 96
planetlab-node1.it-sudparis.eu 83 180 164 27 250 278 281 260 86 100 25 114 254 24 148
planet1.elte.hu 125 211 197 54 365 308 273 356 113 151 46 195 375 27 176
planet-lab1.uba.ar 169 238 214 256 390 320 247 393 164 181 253 195 390 250 224
plab-2.diegm.uniud.it 107 188 172 44 338 302 214 337 110 125 48 139 334 30 172
planetlab2.cis.upenn.edu 6 96 77 86 254 186 143 253 11 47 87 44 257 83 77
pl2.bell-labs.fr 83 167 151 27 335 282 188 319 90 113 24 122 327 21 157
planetlab4.n.info.eng.osaka-cu.ac.jp 195 154 137 293 84 13 312 70 189 184 298 158 94 283 133
planet2.unipr.it 103 185 168 40 350 298 208 328 106 122 45 136 342 25 168
planet-lab-node2.netgroup.uniroma2.it 112 190 174 48 360 301 217 341 113 129 51 140 374 33 176
planetlab2lannion.elibel.tm.fr 92 188 172 36 258 286 289 269 94 109 34 123 266 32 156
pl1.pku.edu.cn 417 365 332 464 155 184 522 330 308 292 470 272 341 536 238
planetlab2.uc3m.es 100 195 175 37 356 295 255 349 106 123 40 133 360 106 167
planetlab-1.cse.ohio-state.edu 24 91 90 114 264 204 157 267 26 26 112 49 267 106 88
planetlab2.rutgers.edu 9 103 86 92 271 208 143 246 12 32 86 46 261 87 81
planetlab1.tamu.edu 49 76 60 134 222 160 188 238 133 118 139 112 231 169 83
node1.planetlab.albany.edu 15 95 79 94 257 198 147 247 14 52 102 48 272 84 76
planet-lab1.cs.ucr.edu 73 32 15 163 186 111 184 165 83 77 165 57 183 152 34
node1.planetlab.mathcs.emory.edu 19 76 59 106 230 195 124 209 20 47 103 41 235 103 74
plab1.cs.msu.ru 134 219 204 67 300 325 261 353 140 157 76 164 309 62 212
planetlab-n1.wand.net.nz 217 156 138 312 132 212 334 165 226 211 288 205 133 314 176
planetlab2.tau.ac.il 174 256 239 108 416 344 304 409 174 189 107 207 423 86 231
plnode-04.gpolab.bbn.com 16 98 82 95 263 198 148 274 17 55 103 51 277 84 79
metis.mcs.suffolk.edu 16 98 79 90 265 198 148 264 18 56 91 52 270 88 80
planetlab-1.ssvl.kth.se 111 183 167 46 374 305 259 369 121 139 49 152 350 35 179
node-2.mcgillplanetlab.org 18 85 82 92 269 196 150 227 20 33 92 54 256 90 80
planetlab02.ethz.ch 98 175 159 31 346 262 238 245 97 114 37 127 197 18 160
planetlab2.diku.dk 102 200 185 64 362 311 248 377 105 132 40 137 338 19 164
planetlab2.csg.uzh.ch 96 179 159 31 338 284 220 246 97 114 37 127 196 17 159
planetlab2.unineuchatel.ch 99 182 166 32 345 273 241 304 99 116 38 129 286 20 162
server3.planetlab.iit-tech.net 25 74 55 109 240 183 172 240 75 82 114 70 241 159 67
roti.mimuw.edu.pl 119 190 172 45 367 282 289 346 145 162 70 162 335 54 204
planetlab2.sics.se 113 183 170 46 373 307 253 353 121 142 50 152 317 34 179
planetlab-node-02.ucd.ie 94 174 158 2 346 285 231 337 81 101 4 120 328 27 143
planetlabeu-2.tssg.org 98 177 161 5 340 288 234 349 84 104 8 122 336 30 146
planetlab-1.tagus.ist.utl.pt 127 209 206 70 374 303 262 352 128 151 75 165 378 55 197
planetlab-1.iscte.pt 127 209 206 70 390 304 260 352 128 150 75 164 366 54 197
planetlab-um00.di.uminho.pt 131 213 210 73 388 306 265 345 132 156 79 168 370 60 202
planet1.servers.ua.pt 131 213 209 73 394 307 266 343 132 155 78 168 387 59 201
planetlab-13.e5.ijs.si 112 211 194 59 379 300 259 359 114 135 52 144 365 33 177
planetlab2.urv.cat 115 210 192 53 373 311 279 352 119 164 57 159 374 120 188
planetlabpc1.upf.edu 115 218 192 52 385 354 340 354 118 164 55 161 373 119 189
planetlab1.ifi.uio.no 113 189 175 53 377 306 266 391 129 137 53 155 395 34 179
planetlab1.willab.fi 139 211 195 73 401 336 288 423 154 165 78 180 415 62 211
planetlab2.rd.tut.fi 120 197 177 55 377 316 262 358 131 151 60 162 309 44 194
planetlab3.hiit.fi 120 189 175 52 385 315 261 389 128 149 57 154 363 41 186
planetlab-2.fokus.fraunhofer.de 104 188 180 43 367 303 253 247 114 129 46 141 202 25 178
planet02.hhi.fraunhofer.de 104 194 180 43 377 304 253 247 114 129 45 141 197 26 178
planck227ple.test.ibbt.be 88 169 152 23 327 260 196 323 95 113 28 117 319 11 154
iraplab1.iralab.uni-karlsruhe.de 101 185 168 36 355 290 231 292 93 111 33 168 270 13 156
planetlab1.science.unitn.it 107 186 169 44 356 278 212 336 109 125 48 139 358 28 172
plab2.create-net.org 107 186 169 44 343 276 214 337 110 125 48 139 365 28 172
planetlab2.upm.ro 145 235 218 75 389 326 271 334 141 181 73 219 321 49 205
planetlab1.eurecom.fr 100 192 175 38 279 289 278 271 95 112 36 131 260 34 158
planetlab2.cs.ucl.ac.uk 82 168 163 23 353 293 222 343 87 103 18 119 349 16 146
planetlab-1.imperial.ac.uk 83 167 162 22 337 284 228 341 87 103 18 119 342 15 146
planetlab-1.di.fc.ul.pt 127 210 207 70 374 302 263 341 128 152 76 164 383 55 197
node2pl.planet-lab.telecom-lille1.eu 100 197 186 40 353 294 247 348 87 102 27 117 344 26 150
lim-planetlab-1.univ-reunion.fr 313 410 399 254 558 507 461 570 301 317 242 330 557 239 363
planetlab2.utt.fr 101 198 181 46 273 296 299 278 103 119 43 132 273 41 165
planetlab3.mini.pw.edu.pl 119 185 179 45 380 279 255 337 144 154 70 162 333 54 203
planetlab-1.cs.ucy.ac.cy 148 232 213 82 392 321 279 388 151 170 89 180 398 68 212
planetlab1.cesnet.cz 122 210 192 49 378 304 248 347 103 123 42 181 336 20 164
planetlab2.cs.uoi.gr 150 238 220 92 400 321 286 389 143 161 80 181 403 61 205
planetlab1.ionio.gr 155 239 220 91 396 321 289 393 144 163 81 182 409 62 206
planetlab-2.research.netlab.hut.fi 117 193 174 51 375 313 254 354 127 143 55 153 305 40 185
planetlab1.cs.aueb.gr 146 231 212 87 390 315 281 385 136 156 73 175 399 53 198
aladdin.planetlab.extranet.uni-passau.de 104 199 185 40 361 283 255 262 109 125 45 145 202 24 174
node2.lbnl.nodes.planet-lab.org 81 23 6 174 192 124 207 193 88 68 161 81 193 175 24
planetlab4.wail.wisc.edu 34 82 66 138 248 190 183 235 86 70 140 83 248 166 79
earth.cs.brown.edu 17 111 95 91 264 200 148 277 17 56 91 52 283 87 79
planetlab-04.vt.nodes.planet-lab.org 11 124 107 105 263 192 161 248 81 84 108 92 264 169 96
planetlab2-saopaulo.lan.redclara.net 146 198 181 234 372 297 231 363 152 168 259 145 359 230 179
planetlab1-buenosaires.lan.redclara.net 180 230 213 285 421 329 264 418 222 200 311 214 391 281 249
planetlab2-santiago.lan.redclara.net 193 245 190 260 402 323 255 394 159 177 286 172 388 276 206
planetlab1.cti.espol.edu.ec 98 151 132 185 314 274 174 342 176 194 200 205 311 179 239
planetlab2.pop-pa.rnp.br 211 276 256 305 442 369 77 439 288 288 317 278 435 376 281
planetlab1.pop-rs.rnp.br 158 221 203 251 386 316 24 387 235 235 264 226 386 322 228
planetlab2.pop-rj.rnp.br 145 207 190 239 375 302 10 372 222 223 250 213 365 309 215
planetlab2.c3sl.ufpr.br 145 210 190 240 377 305 11 384 223 223 251 213 365 310 216
planetlab2.pop-mg.rnp.br 146 210 191 240 378 304 13 384 224 224 252 214 366 311 217
planetlab2.buaa.edu.cn 271 240 205 373 82 123 420 236 246 230 380 225 235 361 195
planetlab-2.sjtu.edu.cn 302 269 242 397 115 151 445 250 277 258 391 253 247 383 224
planetlab-1.sysu.edu.cn 310 274 232 403 114 151 449 260 280 265 398 260 231 391 229
pl02.comp.polyu.edu.hk 230 187 169 321 95 62 347 5 242 244 312 242 35 321 181
planetlab1.ustc.edu.cn 272 223 149 305 248 255 361 213 217 232 290 205 250 323 201
planetlab1.eee.hku.hk 237 175 158 317 40 54 437 5 223 234 302 224 35 277 160
planetlab-1.pdl.nudt.edu.cn 295 264 235 396 107 138 445 262 270 254 404 248 240 391 219
planetlab1.cqupt.edu.cn 303 249 257 407 114 156 453 280 279 263 389 257 257 388 228
nis-planet2.doshisha.ac.jp 186 144 125 279 89 20 306 74 193 177 282 162 98 277 136
planetlab2.nakao-lab.org 178 118 112 271 80 15 301 59 204 190 284 184 83 281 154
planetlab-02.kusa.ac.jp 184 129 128 285 93 17 317 67 203 187 288 182 97 279 155
planetlab1.koganei.wide.ad.jp 177 126 110 265 82 9 286 57 178 163 281 146 84 264 110
planetlab1.iitkgp.ac.in 304 313 292 266 109 206 441 137 327 340 249 336 112 331 296
planetlab0.dojima.wide.ad.jp 177 126 125 282 90 13 312 64 201 184 284 179 93 276 151
planetlab0.otemachi.wide.ad.jp 169 118 116 273 82 12 306 55 192 176 277 171 84 267 143
planetlab1.sfc.wide.ad.jp 170 119 117 275 83 13 306 56 192 177 277 171 86 268 144
pnode2.pdcc-ntu.singaren.net.sg 232 197 185 338 7 73 372 35 247 231 331 225 4 324 196
planetlab2.singaren.net.sg 238 202 185 354 7 73 362 35 247 231 331 225 5 339 196
pli1-pa-4.hpl.hp.com 76 23 4 152 182 114 183 187 74 54 152 46 197 151 4
planetlab-02.bu.edu 13 96 78 88 255 185 144 259 14 30 89 48 270 86 78
planetlab1.cs.unc.edu 11 106 89 117 253 185 156 255 13 31 110 54 243 105 84
cs-planetlab3.cs.surrey.sfu.ca 78 27 37 173 196 116 214 198 81 68 157 82 188 163 26
planetlab2.arizona-gigapop.net 66 41 22 162 200 123 187 173 111 94 182 89 195 177 59
planetlab2.tsuniv.edu 44 100 88 133 275 211 169 299 123 114 145 102 269 143 110
planetlab1.scsr.nevada.edu 84 44 24 165 198 120 199 210 91 74 172 72 206 182 44
planetlab-2.calpoly-netlab.net 76 27 7 161 195 120 186 162 95 80 168 74 186 170 45
planetlab4.netmedia.gist.ac.kr 289 155 158 334 212 57 326 42 213 198 331 175 73 281 142
pln.zju.edu.cn 310 295 279 423 151 169 476 264 299 277 412 262 262 411 244
planet2.dsp.ac.cn 265 217 232 359 232 198 412 65 284 285 355 271 94 373 225
planetlab1.bupt.edu.cn 285 244 228 373 86 117 410 240 249 234 371 227 259 365 197
planetlab2.hust.edu.cn 303 249 245 396 104 135 413 266 266 251 377 245 249 371 217
planetlab2.mta.ac.il 176 259 242 108 410 362 323 412 174 192 111 207 424 99 237
ple1.dmcs.p.lodz.pl 120 192 173 46 356 285 288 333 138 155 70 163 297 55 197
plab-1.sinp.msu.ru 137 207 193 71 383 306 230 351 211 228 72 176 367 204 217
thalescom-48-41.cnt.nerim.net 95 179 163 37 338 284 212 317 108 128 36 132 351 30 167
dplanet2.uoc.edu 125 223 200 62 301 319 273 389 196 196 73 197 388 138 196
pl2.rcc.uottawa.ca 28 99 87 96 268 207 165 257 26 56 117 55 252 109 83
pl1.6test.edu.cn 274 241 223 369 82 103 402 258 246 231 365 224 256 357 195
planetlab2.esprit-tn.com 136 230 216 71 313 321 291 296 140 152 77 173 284 64 202
ple2.tu.koszalin.pl 120 192 173 45 373 282 285 328 138 155 70 156 297 54 205
ttu1-1.nodes.planet-lab.org 52 78 63 140 246 167 159 230 50 45 158 25 258 136 60
planetlab6.cs.uiuc.edu 23 108 91 112 246 185 162 245 77 62 113 73 244 158 76
75-130-96-12.static.oxfr.ma.charter.com 30 102 101 91 278 200 150 278 31 53 103 59 269 106 79
venus.silicon-valley.ru 133 207 193 70 367 314 232 347 136 155 71 167 371 49 193
plab4.ple.silweb.pl 122 193 174 47 375 284 291 334 121 138 55 156 303 39 180
planet1.l3s.uni-hannover.de 104 188 170 26 348 267 248 343 97 114 37 136 325 18 158
planetlab1.just.edu.jo 162 236 217 79 316 331 296 353 147 168 84 178 322 81 214
plab1.tidprojects.com 164 255 231 92 325 348 299 425 152 168 97 191 417 163 219
host147-82-static.93-94-b.business.telecomitalia.it 165 251 228 87 412 333 289 265 153 161 118 192 234 86 216
