146-179.surfsnel.dsl.internl.net 106.374 145.263 129.353 144.114 325.077 283.288 291.473 175.832 184.478 108.168 105.85 18.336 11.285 126.198 127.548 96.588 62.855 119.558 101.666 13.661 13.542 12.715 11.191 22.842 10.052 10.506 328.81 26.113 11.392
75-130-96-12.static.oxfr.ma.charter.com 29.109 35.054 54.416 54.403 219.677 201.972 202.592 87.724 87.621 28.752 36.535 102.954 102.659 35.138 29.828 140.543 140.37 36.595 40.848 106.645 111.701 102.36 102.547 119.529 106.499 106.534 244.299 111.333 107.968
aladdin.planetlab.extranet.uni-passau.de 99.679 137.548 132.123 131.693 314.63 293.676 291.8 182.937 183.159 112.923 113.69 24.565 22.56 137.774 114.15 42.97 43.111 115.167 111.779 13.381 12.47 23.517 23.889 22.082 23.386 23.159 338.759 35.968 24.543
cs-planetlab3.cs.surrey.sfu.ca 77.146 63.906 89.132 89.11 143.159 124.335 123.191 11.478 11.357 84.701 84.84 159.224 159.229 63.982 85.615 192.298 192.254 85.729 88.647 163.588 163.773 159.211 159.357 171.502 155.985 157.718 167.914 157.936 159.345
dplanet2.uoc.edu 123.705 155.312 146.622 147.198 364.272 341.658 337.52 198.283 196.868 130.978 130.19 42.74 46.743 153.142 130.862 88.985 92.582 132.069 130.692 64.786 56.545 46.495 47.063 67.8 52.005 52.541 389.174 65.119 47.206
earth.cs.brown.edu 15.748 38.369 50.644 48.485 227.945 207.751 207.222 85.666 85.456 27.487 27.391 88.639 90.223 38.874 26.028 126.839 126.743 27.534 24.641 92.609 92.779 88.554 90.051 105.984 94.01 95.501 252.668 98.546 88.622
ebb.colgate.edu 24.383 41.364 52.924 52.927 231.344 208.029 208.055 92.146 91.916 38.39 38.251 101.117 101.327 40.819 38.441 139.553 139.701 38.372 35.271 105.275 105.904 101.207 100.955 118.246 104.385 104.672 255.666 110.915 101.133
gschembra4.diit.unict.it 124.134 162.11 157.773 157.553 340.232 315.694 317.233 207.764 207.812 137.765 138.337 48.346 48.399 162.619 137.687 68.751 69.79 138.541 135.059 37.292 37.487 48.412 48.153 48.333 47.808 47.44 364.999 57.836 48.243
host1.planetlab.informatik.tu-darmstadt.de 90.414 123.117 123.017 122.691 306.043 282.864 282.904 168.328 168.279 105.367 104.434 13.761 12.519 123.292 104.811 38.138 38.342 104.648 101.528 3.153 2.808 12.79 12.548 16.849 12.36 12.002 330.55 28.036 12.694
host147-82-static.93-94-b.business.telecomitalia.it 149.918 186.284 181.17 180.657 360.479 340.263 339.715 229.249 233.462 162.924 161.522 71.672 69.433 183.67 163.071 89.502 91.551 164.482 156.045 60.397 61.124 70.955 76.824 70.851 71.372 70.975 391.681 83.062 71.403
host4-plb.loria.fr 83.837 121.919 116.756 117.586 299.308 275.121 274.959 167.107 167.32 97.168 97.688 10.915 10.851 121.938 98.678 50.602 50.468 98.523 93.945 15.234 15.382 10.962 11.046 29.776 21.581 20.695 323.208 27.156 11.106
iraplab1.iralab.uni-karlsruhe.de 90.982 129.031 123.015 123.441 304.804 283.176 282.357 174.203 174.299 104.708 105.127 16.279 14.636 129.653 105.825 38.942 39.121 105.215 102.303 3.809 4.107 14.745 14.93 18.748 13.61 14.402 331.002 29.915 14.853
kupl2.ittc.ku.edu 31.441 24.182 43.565 43.466 209.378 189.893 191.516 77.608 77.596 40.412 39.93 120.932 115.795 24.32 40.097 155.055 152.598 40.589 43.521 120.91 124.355 120.861 121.054 134.804 119.628 119.7 235.006 123.488 120.994
lim-planetlab-1.univ-reunion.fr 297.133 335.157 330.118 330.302 512.561 489.321 489.775 380.682 380.755 311.072 310.849 224.323 224.312 335.228 311.508 263.808 263.881 311.667 308.847 228.468 228.905 224.112 224.327 242.757 231.626 232.966 536.682 238.293 224.639
mars.planetlab.haw-hamburg.de 107.176 139.403 140.263 140.109 322.292 297.907 298.497 186.215 185.678 121.266 121.362 31.854 30.763 139.966 121.329 32.019 32.135 120.97 118.12 21.311 21.578 30.769 30.845 11.288 28.389 28.599 346.861 44.61 30.652
metis.mcs.suffolk.edu 14.316 39.983 49.52 49.285 228.195 207.582 208.059 84.401 84.595 26.312 26.298 89.211 88.802 39.147 26.604 127.074 126.613 26.164 24.747 92.594 92.967 88.836 89.131 106.196 94.263 94.087 252.327 99.397 89.181
mtuplanetlab2.cs.mtu.edu 32.735 26.122 45.541 45.284 203.467 186.188 186.358 71.568 71.498 35.346 35.406 115.601 115.968 26.2 35.633 154.533 153.489 35.535 46.818 119.622 125.078 121.377 120.73 132.768 120.161 120.702 226.324 124.867 120.484
nis-planet2.doshisha.ac.jp 179.09 143.796 153.392 153.58 55.494 46.105 45.739 103.062 103.095 164.954 164.95 261.325 262.662 143.723 165.62 298.775 298.229 165.184 177.281 265.631 266.633 262.657 262.814 278.831 265.388 265.62 81.575 266.492 262.622
node-2.mcgillplanetlab.org 33.169 34.448 53.731 53.798 211.893 195.298 194.908 80.051 79.952 43.261 43.001 104.087 104.346 34.604 43.482 143.92 143.994 43.494 44.116 108.596 108.788 104.319 104.528 122.861 104.255 106.946 239.552 110.345 104.37
node1.planetlab.albany.edu 13.529 36.058 47.444 47.823 225.074 204.788 204.393 89.126 88.5 27.075 26.491 97.135 98.42 36.433 27.206 127.943 127.467 27.776 23.862 93.479 93.516 97.917 97.081 107.022 99.182 98.623 249.907 109.963 98.222
node1.planetlab.mathcs.emory.edu 15.034 30.599 20.629 20.572 202.512 178.98 179.544 75.696 75.806 1.448 1.76 97.759 96.459 30.042 1.784 135.44 135.193 1.6 12.654 101.927 101.435 96.492 97.484 114.769 101.428 101.603 226.405 105.801 97.715
node2.lbnl.nodes.planet-lab.org 74.619 51.767 68.517 68.533 154.684 136.485 136.317 22.123 22.042 80.707 80.008 162.005 161.816 51.969 80.225 194.797 195.157 80.343 84.322 166.139 166.539 162.14 162.042 173.967 160.888 161.096 177.778 163.831 162.129
node2pl.planet-lab.telecom-lille1.eu 83.449 121.307 125.24 116.831 297.755 285.212 276.614 166.903 172.719 97.282 97.845 10.37 10.413 121.37 98.001 49.899 49.932 97.379 94.201 14.575 14.916 10.331 10.424 29.17 18.756 19.096 322.425 28.907 10.582
nodeb.howard.edu 4.756 32.191 44.201 43.648 221.244 200.446 200.581 84.664 84.578 18.668 18.547 96.145 96.029 32.003 18.821 127.242 127.66 18.671 14.892 92.579 94.053 96.002 97.426 106.134 98.072 98.465 248.795 106.763 93.427
onelab10.pl.sophia.inria.fr 92.051 130.129 124.245 123.536 305.212 283.389 284.423 175.557 175.268 105.888 105.264 18.821 18.797 129.994 105.644 58.539 58.565 105.949 101.961 22.986 23.342 18.934 19.026 37.951 27.538 28.887 332.696 32.821 19.176
onelab3.info.ucl.ac.be 89.267 122.327 121.679 121.639 305.157 281.975 282.217 167.588 167.632 103.495 103.559 13.603 13.062 121.872 104.093 49.409 49.459 103.514 100.491 16.517 16.659 13.186 13.122 26.728 16.579 16.756 331.29 27.74 13.132
onelab6.iet.unipi.it 104.105 142.28 137.495 137.827 319.361 296.024 296.354 187.631 187.777 117.654 118.15 27.852 28.495 142.152 118.617 48.699 50.726 117.951 115.142 17.196 17.694 27.829 28.046 29.535 27.172 27.331 346.477 37.699 28.36
orval.infonet.fundp.ac.be 89.58 123.079 122.635 123.63 305.263 283.001 282.835 168.818 167.785 105.142 104.448 14.212 13.586 123.057 104.05 50.064 49.845 105.088 100.9 17.256 17.276 13.572 13.569 27.274 17.139 16.816 330.697 31.134 13.764
peeramidion.irisa.fr 85.384 123.62 117.304 117.182 300.469 277.314 278.049 169.013 168.974 99.467 99.113 12.541 12.509 123.866 99.608 52.075 52.216 98.859 96.364 16.842 17.093 12.573 12.697 31.497 21.173 21.399 323.944 28.948 12.704
pl02.comp.polyu.edu.hk 216.462 178.792 192.237 191.467 2.97 25.39 25.737 139.667 140.072 202.978 202.951 299.616 299.68 178.735 201.795 336.794 337.304 203.201 213.817 303.14 303.824 298.547 298.524 315.883 304.235 303.7 38.527 307.06 298.181
pl1.cis.uab.edu 20.745 31.191 23.239 23.255 204.831 181.339 182.247 76.689 76.022 4.483 4.648 100.213 100.447 31.706 4.709 136.561 138.971 4.558 24.957 105.195 103.94 99.74 99.545 118.556 104.722 104.994 228.93 106.785 99.526
pl1.csl.utoronto.ca 25.398 26.714 46.146 46.08 204.333 187.494 187.096 72.257 72.161 35.468 35.838 96.454 96.495 26.851 35.855 136.23 136.258 35.944 35.67 100.827 101.095 96.529 96.579 115.277 97.904 99.547 228.196 102.162 96.61
pl1.ucs.indiana.edu 28.439 38.658 57.996 57.903 218.076 198.111 198.484 86.477 86.241 36.565 36.414 111.013 115.652 38.719 36.304 148.883 148.489 36.073 40.405 115.093 120.349 110.119 115.849 127.9 114.114 114.21 240.596 114.523 109.971
pl1.uni-rostock.de 107.943 140.453 139.654 140.342 322.638 299.244 299.722 185.895 185.279 120.927 121.125 31.952 30.905 140.436 120.926 30.392 30.624 121.267 118.712 21.984 22.231 31.949 29.976 9.88 28.88 29.101 348.476 43.293 29.921
pl2.cs.yale.edu 9.553 36.853 43.544 43.424 226.584 206.725 207.364 81.918 86.248 21.079 21.297 78.449 78.482 37.765 22.154 117.859 118.145 22.23 19.557 88.717 88.882 78.425 78.685 97.639 89.651 89.718 252.335 84.733 84.56
pl2.eng.monash.edu.au 278.3 240.739 253.414 253.387 155.912 145.42 145.936 202.033 202.053 264.232 264.434 361.299 361.319 240.924 264.697 398.194 398.066 264.826 276.028 366.283 366.321 361.266 361.116 377.434 364.683 364.408 183.498 368.047 361.122
pl2.planet.cs.kent.edu 33.853 26.111 45.903 45.524 203.656 195.508 186.732 71.844 78.997 31.24 35.595 111.005 110.764 26.282 31.574 142.597 152.789 31.205 35.393 109.675 130.799 110.675 126.41 121.783 109.739 120.078 232.498 123.746 121.126
pl2.rcc.uottawa.ca 30.5 31.797 51.1 51.146 209.145 191.888 191.967 77.272 77.182 40.831 41.265 101.544 101.595 31.95 40.786 141.268 141.277 40.824 40.548 105.826 106.315 101.524 101.573 120.021 105.501 104.545 236.674 107.014 101.916
plab-1.sinp.msu.ru 142.756 181.473 182.511 177.539 359.612 335.315 336.152 227.109 227.17 158.42 158.509 61.058 57.685 181.89 158.28 34.408 34.3 158.103 154.955 56.505 56.606 57.669 62.053 46.42 51.063 56.168 384.996 68.3 61.219
plab-2.diegm.uniud.it 105.128 142.984 138.229 138.564 320.073 296.342 296.759 188.528 188.631 119.862 119.864 29.548 28.887 143.348 119.042 49.78 50.646 118.998 115.969 18.218 18.213 29.268 29.066 29.179 28.212 28.345 345.486 40.062 29.451
plab1-itec.uni-klu.ac.at 108.916 139.17 143.671 142.676 322.613 299.089 299.13 184.736 185.709 121.471 119.699 32.342 32.325 139.635 121.241 55.905 55.847 120.256 118.106 20.491 20.513 32.259 32.475 34.792 39.572 39.677 346.152 42.82 32.384
plab1.cs.msu.ru 142.732 181.158 176.901 176.325 358.288 334.843 335.559 226.743 226.377 157.748 157.776 57.706 55.27 181.703 157.796 34.443 34.138 157.317 154.444 56.464 56.74 50.927 61.729 44.789 60.046 60.46 386.699 67.918 55.469
plab1.larc.usp.br 140.374 150.463 140.372 140.846 319.604 298.988 299.079 197.677 197.965 121.391 136.597 226.069 226.007 150.606 122.218 259.986 259.638 122.127 133.152 230.418 223.794 225.999 226.097 242.849 226.646 231.028 349.28 232.625 222.616
plab1.tidprojects.com 151.174 177.311 181.141 176.702 388.168 381.761 372.334 226.628 231.67 175.307 178.366 65.246 80.479 181.288 178.662 104.672 114.437 177.956 158.404 69.445 80.858 65.663 65.63 93.193 87.109 86.028 427.215 81.777 65.688
plab2-c703.uibk.ac.at 111.214 141.931 147.124 146.228 325.523 301.502 302.703 190.276 188.113 124.811 127.946 36.046 35.923 144.871 125.25 58.501 58.4 123.976 121.949 23.082 23.088 35.951 36.17 37.551 43.005 43.344 348.613 48.548 36.012
plab2.create-net.org 104.678 142.861 137.375 138.558 319.973 295.787 296.567 188.571 188.066 118.623 117.975 28.62 28.352 142.462 118.854 50.078 51.156 118.382 114.72 17.648 17.696 28.309 28.496 28.542 28.133 27.779 341.743 42.341 28.403
plab2.nec-labs.com 7.851 35.424 41.326 41.555 219.217 198.309 199.3 84.116 83.88 22.808 22.934 89.47 89.578 35.157 23.004 126.957 126.712 22.758 18.16 93.876 94.154 89.566 89.482 106.275 93.767 93.291 247.929 100.174 89.528
plab3.eece.ksu.edu 34.657 27.278 46.722 46.613 212.229 193.196 193.577 80.7 80.515 42.856 42.098 124.03 118.494 27.359 43.709 158.829 156.133 42.317 46.536 124.735 127.663 118.139 118.494 137.764 122.525 122.013 240.187 122.97 118.387
plab4.ple.silweb.pl 112.642 137.908 149.606 148.363 324.416 300.603 300.67 185.601 184.053 126.132 124.977 34.339 34.62 139.758 124.875 51.663 51.668 125.072 122.965 34.618 34.819 35.073 35.263 46.522 28.509 28.819 348.91 47.158 35.267
planck227ple.test.ibbt.be 89.69 123.142 123.025 122.939 305.07 282.166 282.118 167.806 168.012 103.815 104.781 15.237 13.463 122.891 103.697 49.807 49.864 104.963 100.786 17.103 17.249 13.422 14.304 26.968 17.165 17.341 333.815 28.24 13.534
planet-lab-node2.netgroup.uniroma2.it 106.212 144.3 140.393 139.097 322.42 298.213 298.855 189.832 189.791 120.181 121.154 30.181 30.185 144.457 119.908 53.051 50.922 121.123 117.322 19.482 19.736 30.165 30.294 31.162 29.519 29.679 344.814 40.096 30.708
planet-lab1.uba.ar 167.569 181.629 167.473 167.607 294.443 272.373 271.472 172.357 171.77 173.393 148.777 249.74 249.681 187.395 149.425 286.541 286.766 148.477 159.455 254.039 251.659 249.747 249.813 266.126 254.335 254.683 320.36 254.816 249.758
planet0.jaist.ac.jp 176.485 145.307 151.787 151.742 62.271 44.033 44.491 101.779 101.641 162.775 162.915 259.543 260.169 145.473 163.344 296.914 296.355 163.451 174.365 263.502 264.046 260.145 260.323 275.579 264.366 263.515 88.019 265.989 260.306
planet02.hhi.fraunhofer.de 102.574 135.527 135.146 134.86 318.707 295.009 295.239 181.0 180.214 116.834 116.672 25.663 25.711 135.042 116.075 24.473 24.642 115.775 113.799 16.974 16.988 24.574 24.807 4.184 24.251 24.334 341.66 38.168 26.465
planet1.cc.gt.atl.ga.us 15.297 31.097 20.991 21.058 202.095 179.492 179.644 77.02 76.384 2.243 2.088 98.594 98.872 31.224 2.567 135.114 135.093 2.254 13.71 102.567 101.694 97.793 98.331 114.515 103.247 102.241 226.939 106.039 98.074
planet1.cs.huji.ac.il 144.898 182.668 177.068 176.817 359.486 336.129 336.553 228.256 228.239 158.359 158.299 68.602 68.674 182.914 159.184 93.219 93.309 159.092 155.519 57.887 58.026 68.501 68.816 72.147 68.055 67.995 385.575 83.94 68.454
planet1.cs.rochester.edu 19.434 40.971 47.137 47.197 225.106 203.902 204.025 93.438 93.083 32.753 32.43 101.315 99.618 40.88 33.476 131.742 131.821 33.583 29.93 96.436 96.867 99.448 99.679 111.076 99.577 99.028 251.269 109.732 98.947
planet1.elte.hu 110.201 139.098 137.077 137.192 319.234 295.396 296.808 187.083 186.99 129.464 130.917 29.051 27.191 140.474 129.573 47.912 48.04 127.111 121.635 16.697 16.984 27.228 29.126 29.327 26.77 26.935 342.99 41.168 28.008
planet1.itc.auth.gr 144.223 182.326 177.692 176.786 357.581 336.373 335.077 227.845 227.554 157.774 158.216 69.735 68.181 182.306 159.027 92.692 92.636 157.607 155.54 57.349 57.389 68.18 68.076 71.711 67.514 67.924 385.088 83.06 68.349
planet1.l3s.uni-hannover.de 93.141 131.32 126.33 126.21 308.647 285.064 285.603 176.912 176.391 107.215 107.28 17.234 17.03 131.104 108.018 41.725 41.778 107.614 104.729 6.389 6.558 16.973 17.215 20.988 16.351 16.373 334.572 29.518 17.6
planet1.pnl.nitech.ac.jp 174.061 142.711 149.092 148.849 58.575 41.401 41.444 99.391 99.785 160.245 160.077 256.481 257.903 142.42 160.606 293.605 294.159 160.776 171.884 261.493 261.791 257.979 257.761 272.361 261.807 261.96 85.805 265.376 257.389
planet1.servers.ua.pt 111.417 138.475 143.34 143.322 326.45 301.046 302.924 183.565 183.432 125.242 125.454 38.37 38.475 138.386 125.007 74.405 74.344 125.316 121.547 44.933 44.73 38.515 38.582 53.929 41.798 41.989 349.708 46.174 38.64
planet11.csc.ncsu.edu 32.162 48.32 37.94 38.073 218.539 196.515 196.697 93.88 92.737 19.143 19.237 115.022 114.644 47.901 19.358 152.787 152.669 19.001 30.176 119.671 119.394 115.09 114.636 130.877 119.221 119.871 243.347 120.644 114.917
planet2.inf.tu-dresden.de 102.168 134.704 134.702 134.085 317.853 293.76 293.716 180.173 179.979 115.014 115.06 26.705 25.37 134.304 116.36 26.32 26.507 115.262 112.863 16.25 16.309 25.634 25.759 5.434 23.382 23.639 341.165 36.194 25.747
planet2.unipr.it 101.61 139.841 135.379 135.012 316.677 293.559 294.146 184.869 185.192 115.189 115.607 27.318 25.335 139.448 115.682 46.226 46.097 116.617 111.625 14.978 14.795 26.204 26.028 25.627 24.703 24.816 341.624 37.653 25.836
planet6.cs.ucsb.edu 71.442 41.458 51.517 51.803 154.676 134.839 134.914 28.436 27.914 62.795 62.527 159.283 159.379 41.082 62.926 189.854 190.939 63.231 74.075 163.678 162.903 159.4 159.399 169.881 158.037 157.774 180.091 160.241 159.488
planetlab-02.bu.edu 12.677 41.159 47.407 47.499 219.388 196.652 198.81 87.464 87.33 24.514 24.569 81.46 81.466 41.149 24.196 120.957 120.853 24.258 22.361 85.616 85.74 81.354 81.759 100.024 83.986 84.257 243.202 89.605 81.446
planetlab-02.ece.uprm.edu 60.562 93.714 68.333 69.558 245.201 223.234 224.196 117.505 117.278 48.604 47.455 141.703 140.729 93.724 47.645 183.121 184.029 47.25 65.513 147.58 148.29 141.641 142.052 163.21 146.519 146.743 273.557 149.646 141.869
planetlab-02.kusa.ac.jp 177.417 145.51 151.815 152.096 62.407 43.883 44.649 101.848 103.511 162.908 162.802 259.391 260.301 145.34 163.238 297.811 297.45 163.172 174.841 263.893 264.198 260.301 260.271 275.965 264.421 263.713 88.08 266.263 260.356
planetlab-03.cs.princeton.edu 10.916 37.115 42.994 42.914 225.514 200.703 201.847 83.941 83.541 25.962 24.589 92.722 92.546 39.936 24.147 129.821 131.134 24.238 21.215 97.083 97.189 92.43 92.68 108.794 96.282 96.681 250.252 104.645 92.589
planetlab-04.vt.nodes.planet-lab.org 11.646 38.6 43.248 43.513 225.717 203.207 203.51 84.816 83.811 25.67 24.872 93.285 93.146 39.313 25.359 131.015 130.655 24.894 21.869 97.401 97.925 93.501 93.56 109.985 97.535 97.627 249.479 102.082 93.535
planetlab-1.cmcl.cs.cmu.edu 20.923 23.151 42.161 42.474 200.915 182.72 183.34 69.456 69.32 28.815 28.461 105.529 105.44 23.34 29.046 140.532 139.597 28.469 32.586 106.948 114.222 99.858 105.687 107.333 104.866 105.586 224.445 106.653 99.592
planetlab-1.cs.auckland.ac.nz 290.401 253.446 265.903 266.332 168.486 157.807 158.386 214.862 214.578 277.246 277.238 373.765 373.92 253.567 277.179 411.313 410.158 277.346 288.877 378.76 379.101 374.606 374.724 390.23 377.124 378.001 193.976 382.718 373.85
planetlab-1.cs.uic.edu 19.688 12.292 31.578 31.57 191.75 173.268 173.26 60.046 59.916 27.485 28.361 109.166 103.127 12.451 28.09 142.386 142.1 27.125 32.442 108.355 113.568 108.962 103.405 121.015 107.364 106.088 215.036 108.184 109.041
planetlab-1.cse.ohio-state.edu 31.58 24.659 45.416 45.553 202.133 194.934 184.805 70.13 78.309 31.525 33.959 110.719 110.641 24.795 30.984 142.335 150.899 30.768 35.033 114.882 129.281 110.852 717.889 493.919 110.695 117.895 225.234 120.417 124.599
planetlab-1.imperial.ac.uk 81.211 109.287 113.175 114.707 296.304 273.363 270.803 154.598 154.225 95.852 95.553 8.886 8.82 110.09 95.028 44.811 45.083 96.704 91.84 15.739 15.241 8.868 9.012 24.411 12.375 12.524 320.85 16.61 8.988
planetlab-1.iscte.pt 107.245 134.225 139.632 139.209 322.423 298.998 297.792 180.168 179.291 120.922 120.911 34.244 34.185 134.471 120.46 70.164 70.159 120.239 117.674 40.743 40.539 34.188 34.317 52.737 37.584 37.835 346.842 41.759 34.288
planetlab-1.ssvl.kth.se 107.065 139.144 148.434 148.673 324.84 303.175 307.726 180.11 187.959 129.527 130.49 33.867 27.342 139.226 120.843 10.648 10.501 125.962 122.105 26.682 22.605 27.34 38.552 27.053 30.179 34.67 355.035 44.567 38.39
planetlab-1.tagus.ist.utl.pt 107.548 134.405 138.884 139.155 321.724 298.186 299.704 180.138 179.529 121.661 121.186 34.502 34.493 134.824 120.756 70.631 70.547 120.657 117.752 40.997 40.871 34.625 34.681 49.99 37.883 38.233 347.354 42.133 34.701
planetlab-1.webedu.ccu.edu.tw 206.448 172.914 179.527 181.919 68.292 14.69 14.787 132.202 131.335 191.593 192.904 288.112 288.548 173.991 191.992 325.484 325.055 191.914 204.993 292.911 292.373 289.727 289.228 305.797 293.122 295.761 102.129 299.843 289.004
planetlab-13.e5.ijs.si 107.78 140.453 143.241 145.036 323.487 301.383 301.266 186.028 185.724 120.563 122.251 46.145 45.969 139.155 121.024 57.387 57.226 120.991 119.304 22.096 22.143 45.965 45.864 36.752 41.047 41.335 347.717 58.373 46.187
planetlab-2.calpoly-netlab.net 75.002 69.778 82.683 82.739 159.014 141.605 142.087 36.687 36.512 73.514 73.668 155.174 155.283 69.866 73.924 193.968 194.408 74.552 77.736 160.625 160.632 155.549 155.958 173.039 157.546 157.917 187.88 160.244 155.95
planetlab-2.cs.colostate.edu 48.062 40.464 40.545 40.543 184.941 163.1 163.862 57.931 58.2 47.222 49.186 132.005 131.206 40.554 47.101 170.158 169.445 47.766 52.267 135.77 136.766 131.588 131.71 148.831 133.882 135.929 210.939 137.872 131.826
planetlab-2.fokus.fraunhofer.de 102.896 134.785 135.031 135.01 317.748 293.935 294.756 181.04 180.346 115.746 115.763 26.743 25.262 135.901 116.483 24.7 24.761 115.967 113.518 16.926 17.054 25.257 24.425 4.207 23.853 24.1 343.054 40.176 26.464
planetlab-2.ing.unimo.it 101.276 139.053 134.109 134.683 316.716 293.373 293.109 184.672 184.729 115.821 116.094 26.347 26.447 139.8 115.232 45.933 45.76 115.904 112.359 14.121 14.794 27.374 25.998 26.712 24.369 24.387 340.392 34.87 26.02
planetlab-2.research.netlab.hut.fi 113.557 150.251 150.061 150.392 336.06 309.673 310.216 198.633 190.571 131.501 135.836 39.008 43.224 140.57 131.919 17.082 16.851 132.864 128.259 33.111 33.493 38.846 43.506 33.258 41.184 36.998 349.555 52.067 43.478
planetlab-2.usask.ca 75.843 64.03 88.481 88.637 163.041 143.287 144.245 31.509 31.311 83.681 84.099 158.207 158.092 64.109 84.524 191.294 191.205 84.541 87.598 162.482 162.74 158.076 158.256 170.079 156.923 156.189 187.436 157.197 158.225
planetlab-4.ece.iastate.edu 39.12 30.628 49.953 49.989 213.599 194.374 195.598 81.94 81.808 45.392 46.217 122.651 127.337 30.736 46.355 161.352 160.85 46.523 49.897 126.783 131.993 121.541 127.521 139.764 126.023 125.953 236.532 130.278 121.711
planetlab-4.eecs.cwru.edu 11.068 29.681 41.084 40.28 212.056 191.366 190.578 76.705 76.428 23.165 23.666 91.445 91.14 30.379 23.767 130.649 130.812 23.485 21.14 96.51 96.96 90.912 91.125 109.89 96.26 96.354 236.096 98.586 91.678
planetlab-n1.wand.net.nz 293.531 255.894 268.313 268.645 170.936 160.088 160.692 217.275 217.005 278.824 279.669 376.157 376.164 256.026 280.015 412.256 414.286 279.535 291.078 380.953 381.515 375.843 376.505 392.901 379.492 380.389 193.654 384.496 376.427
planetlab-node-02.ucd.ie 90.975 121.882 124.328 124.171 306.897 281.46 280.713 163.552 165.148 103.291 105.772 19.412 21.863 121.161 106.496 53.872 54.145 105.733 103.061 26.521 21.893 19.919 21.553 35.951 22.254 22.493 331.981 1.096 21.57
planetlab-node1.it-sudparis.eu 83.996 119.328 113.485 113.775 295.854 273.198 273.728 164.638 164.618 95.703 95.205 8.08 8.114 119.522 95.601 48.165 47.789 96.357 91.185 12.557 12.59 8.227 8.349 26.913 17.914 16.75 320.552 25.047 8.198
planetlab-um00.di.uminho.pt 111.712 138.765 143.156 143.859 326.904 303.387 302.789 183.914 183.883 125.812 125.944 38.656 38.775 138.916 124.708 74.659 74.754 125.097 122.265 45.208 45.158 38.752 38.876 57.237 42.139 42.342 350.462 46.49 38.834
planetlab0.dojima.wide.ad.jp 173.616 141.729 148.381 148.326 58.719 40.346 40.688 98.499 97.974 159.438 159.448 256.356 257.087 141.886 159.758 294.511 294.074 159.775 171.276 260.101 260.831 257.072 256.794 272.033 260.991 260.96 84.479 263.068 257.097
planetlab0.otemachi.wide.ad.jp 165.155 133.912 140.198 140.218 50.865 32.335 32.364 92.05 92.447 151.298 151.338 247.998 248.589 133.763 151.757 285.967 285.951 151.514 163.031 252.017 252.456 248.704 248.577 264.293 251.957 252.316 75.167 254.745 248.643
planetlab02.cs.washington.edu 67.778 39.386 58.737 58.752 139.851 119.346 121.258 8.112 7.971 69.236 68.94 160.337 160.293 39.539 69.213 186.896 187.3 69.248 80.679 164.71 164.907 160.338 160.455 166.339 154.514 155.151 164.151 159.493 160.428
planetlab02.dis.unina.it 109.435 147.23 143.294 143.473 323.898 301.569 301.153 193.128 192.94 124.547 124.383 35.161 33.735 147.669 124.021 54.207 55.095 123.911 120.425 22.551 22.897 33.742 34.946 34.27 32.629 32.821 349.935 47.435 33.744
planetlab02.ethz.ch 96.691 132.198 126.612 129.387 310.747 288.334 291.097 180.298 180.201 113.72 110.143 21.085 20.445 134.906 107.713 45.124 45.326 110.235 110.841 9.819 9.712 20.499 22.393 27.297 17.401 17.518 339.874 35.56 19.586
planetlab02.tkn.tu-berlin.de 102.975 135.487 135.579 135.139 316.654 294.027 294.856 181.248 181.055 116.319 116.386 25.684 24.831 135.442 117.229 24.717 24.694 116.205 113.613 16.859 17.24 24.679 25.805 3.942 24.4 24.483 342.919 40.476 24.906
planetlab03.mpi-sws.mpg.de 94.4 132.365 126.62 127.099 308.143 286.093 286.068 177.886 177.667 108.823 108.851 19.542 17.835 132.499 108.576 42.905 43.367 108.861 105.95 7.537 7.626 17.757 19.729 22.16 17.619 17.518 336.426 33.24 18.549
planetlab1-buenosaires.lan.redclara.net 189.128 204.482 213.536 194.916 391.591 350.449 331.1 232.259 232.136 175.746 175.607 272.786 253.352 186.037 157.307 328.579 327.704 194.874 186.936 256.805 257.639 253.281 272.35 287.623 276.482 257.416 416.397 300.694 253.752
planetlab1.bgu.ac.il 145.477 184.542 178.526 178.068 360.369 337.096 336.846 229.101 229.12 159.899 159.071 69.956 69.813 183.469 159.045 94.096 94.004 160.678 157.198 58.426 58.676 69.212 69.675 72.721 68.281 69.023 386.208 84.743 69.291
planetlab1.cesnet.cz 95.546 133.471 127.889 127.957 309.875 286.682 287.308 179.08 178.782 109.516 109.131 20.905 19.748 133.541 109.519 44.067 43.943 108.96 106.848 8.565 8.614 20.871 20.955 23.037 18.715 18.875 336.466 34.443 20.884
planetlab1.clemson.edu 15.985 36.936 23.246 23.35 204.077 181.417 181.741 86.086 85.56 4.504 4.331 99.921 100.277 37.254 4.536 137.925 136.565 4.421 20.983 105.325 105.126 100.265 100.64 116.828 104.211 104.504 228.907 109.202 100.875
planetlab1.cs.aueb.gr 136.999 174.971 169.321 169.255 351.547 328.409 328.996 220.363 219.986 150.368 151.395 62.323 62.126 175.043 151.643 85.149 85.28 150.618 148.245 49.935 49.998 61.222 62.214 64.638 59.679 59.764 378.927 75.751 61.13
planetlab1.cs.pitt.edu 19.574 24.9 44.232 44.248 204.302 185.239 185.998 72.667 72.611 28.134 28.588 107.191 101.209 24.911 28.025 140.917 141.085 27.919 32.366 107.078 112.346 101.41 107.227 107.131 105.059 106.333 227.876 105.731 107.143
planetlab1.cs.stevens-tech.edu 7.187 38.739 43.258 42.89 216.428 194.59 196.345 85.269 85.243 20.33 20.203 77.32 77.567 38.812 21.397 117.134 117.155 20.632 18.101 81.622 81.802 77.537 77.689 96.091 80.132 80.129 242.399 85.288 77.835
planetlab1.cs.unc.edu 31.671 47.136 37.146 37.084 219.555 195.445 195.772 93.031 92.481 18.218 18.053 114.013 114.172 47.272 18.397 151.566 151.562 18.421 29.355 118.122 118.332 114.011 114.127 130.312 118.013 118.108 244.11 122.042 114.536
planetlab1.csee.usf.edu 29.07 45.021 36.399 36.688 216.61 193.352 193.399 91.857 92.127 17.605 17.661 114.365 113.288 44.672 17.842 154.114 152.884 17.588 33.875 118.661 119.841 112.323 113.483 132.308 117.663 117.903 241.97 121.92 113.437
planetlab1.cti.espol.edu.ec 80.687 108.2 104.731 102.096 303.673 305.354 263.091 209.937 153.277 131.027 127.426 173.325 178.735 105.028 112.95 210.449 214.231 119.633 90.578 178.952 171.625 178.56 179.046 190.222 181.905 235.056 311.638 198.675 182.769
planetlab1.ecs.vuw.ac.nz 304.31 265.544 278.119 278.241 180.422 170.311 170.499 226.572 226.524 288.98 288.821 385.708 386.128 265.321 289.669 422.376 422.649 288.976 300.535 390.512 390.639 385.873 386.22 402.513 390.429 389.836 204.762 392.807 386.216
planetlab1.eecs.ucf.edu 28.003 43.456 33.296 33.555 214.449 190.28 190.368 89.002 89.249 14.565 14.583 110.692 110.44 43.787 14.945 146.985 148.358 14.945 25.945 114.864 115.764 110.322 110.605 126.224 114.511 114.896 239.775 119.604 110.501
planetlab1.eee.hku.hk 217.99 179.492 191.961 191.828 3.667 26.088 26.166 140.702 140.162 202.306 202.139 300.178 298.989 179.646 203.045 337.259 336.754 202.92 215.104 303.594 305.553 299.11 299.334 316.232 302.383 302.699 39.273 307.929 300.477
planetlab1.engr.uconn.edu 16.057 40.16 52.263 51.829 224.284 203.093 202.204 87.677 87.127 28.975 29.345 91.701 91.659 40.035 29.899 130.197 130.688 29.172 26.244 95.988 96.054 91.703 91.892 109.339 95.064 93.65 248.447 101.917 91.843
planetlab1.eurecom.fr 92.39 130.26 125.102 125.512 307.538 284.229 284.6 175.287 175.53 105.423 105.503 19.215 19.047 130.15 106.42 59.129 74.749 105.416 103.105 23.636 23.808 19.271 21.358 38.091 27.606 35.259 332.144 37.798 19.318
planetlab1.exp-math.uni-essen.de 94.437 132.6 127.423 127.187 307.942 285.316 287.16 178.036 177.825 108.076 108.867 18.875 18.652 132.486 108.115 37.767 38.34 107.641 105.816 7.593 7.671 18.632 18.265 17.159 17.695 17.899 334.921 33.659 18.353
planetlab1.fit.vutbr.cz 99.08 137.007 130.999 130.919 313.952 289.897 290.568 182.363 182.133 112.458 112.542 24.201 22.446 136.971 112.716 47.212 47.201 113.029 110.206 11.933 12.117 22.454 22.639 26.511 21.763 22.173 337.463 35.15 22.578
planetlab1.ifi.uio.no 118.551 141.329 150.965 147.097 333.368 304.61 309.16 194.734 191.939 132.402 132.005 40.92 44.189 146.071 128.272 17.709 17.557 131.872 129.096 41.165 30.351 45.283 38.836 34.127 34.346 35.102 361.535 52.884 38.857
planetlab1.iitkgp.ac.in 341.014 301.062 314.389 312.614 138.706 145.742 147.425 266.765 262.554 324.092 321.474 332.878 326.691 298.458 328.767 451.695 449.188 323.469 330.223 417.438 423.031 335.171 331.522 436.193 432.499 422.892 119.388 334.955 343.674
planetlab1.informatik.uni-goettingen.de 104.382 137.091 136.597 136.943 319.219 295.36 295.65 182.832 182.958 117.966 117.629 29.171 29.257 137.148 117.83 29.506 29.53 118.777 115.65 18.812 18.877 27.104 28.222 8.659 25.973 25.917 343.373 40.087 28.002
planetlab1.ionio.gr 144.747 182.509 176.718 176.873 359.622 336.246 336.276 228.211 228.153 158.971 158.917 68.089 68.757 182.73 159.178 93.173 92.999 158.344 155.638 57.782 57.931 68.758 69.117 72.346 67.64 67.927 383.088 80.983 68.856
planetlab1.just.edu.jo 153.276 181.007 184.5 185.871 367.463 345.397 344.65 226.113 226.01 177.934 180.473 76.74 76.836 181.566 178.102 115.714 114.5 179.86 164.213 81.575 82.987 78.005 77.9 94.721 87.554 87.471 395.083 89.411 78.055
planetlab1.koganei.wide.ad.jp 165.779 134.386 140.663 140.74 51.334 33.317 32.874 91.035 93.135 151.807 151.835 249.314 249.14 134.504 152.529 285.828 285.763 152.069 163.319 252.273 253.109 248.957 249.214 265.134 252.393 253.799 75.572 254.935 249.439
planetlab1.lkn.ei.tum.de 96.531 134.745 129.564 128.976 310.297 288.028 288.465 179.947 180.019 110.162 110.409 20.199 20.169 134.739 110.878 42.12 41.774 111.045 108.399 9.486 9.518 20.646 20.59 21.468 19.532 19.405 337.59 35.41 20.352
planetlab1.montefiore.ulg.ac.be 93.346 126.557 125.226 125.125 309.032 286.544 285.787 172.122 171.231 108.186 108.201 17.314 17.028 127.913 107.692 53.596 53.497 108.077 105.027 20.62 20.95 17.105 17.259 30.795 22.026 22.201 334.246 29.293 17.152
planetlab1.polito.it 100.289 138.666 132.858 133.93 315.397 291.812 292.506 183.813 183.785 114.959 115.008 23.89 25.23 138.612 114.469 44.746 44.746 115.708 111.83 13.475 13.59 26.021 25.52 24.38 23.495 23.681 341.398 34.911 25.49
planetlab1.pop-rs.rnp.br 164.878 170.875 162.368 162.178 341.018 316.2 315.541 218.768 217.805 140.63 141.934 242.772 237.678 169.649 141.433 274.207 280.253 141.758 151.719 246.844 247.607 244.049 239.132 258.913 247.064 247.366 366.599 251.011 239.32
planetlab1.science.unitn.it 104.348 142.357 137.878 138.018 320.004 296.672 296.649 188.29 188.179 119.184 119.121 28.531 28.548 142.399 119.381 49.115 50.026 117.832 114.512 17.619 17.433 29.642 29.233 28.478 27.515 27.674 343.267 43.313 29.36
planetlab1.scsr.nevada.edu 88.78 67.07 82.72 82.801 181.941 159.285 160.054 54.942 54.773 78.825 79.038 167.761 168.124 67.144 79.112 211.799 211.696 79.231 91.856 178.093 177.798 168.502 169.077 190.401 172.971 173.916 207.357 176.636 168.256
planetlab1.sfc.wide.ad.jp 166.645 134.735 141.349 141.369 51.849 33.709 33.278 93.369 93.466 152.386 152.435 248.75 249.596 134.788 152.787 287.237 286.817 152.806 164.344 253.514 253.729 249.913 249.904 265.066 254.166 253.66 77.516 255.143 249.844
planetlab1.tamu.edu 43.096 59.017 32.344 32.37 225.425 204.967 205.808 80.007 80.585 29.45 29.005 122.212 122.421 59.624 29.277 164.313 165.648 29.328 47.688 130.505 131.241 122.095 122.954 142.455 127.294 127.162 250.592 130.356 123.269
planetlab1.tlm.unavarra.es 120.712 166.565 153.185 148.853 343.011 316.763 308.402 208.704 201.309 136.738 134.984 47.864 47.644 163.318 132.067 83.281 90.871 142.698 129.887 48.878 52.561 51.149 51.372 65.354 51.973 52.101 360.139 69.356 46.747
planetlab1.tmit.bme.hu 109.928 142.017 136.488 136.76 318.242 295.666 296.27 187.517 187.429 127.49 129.666 28.15 28.071 142.108 126.341 48.326 48.319 129.716 121.72 17.086 17.251 29.231 29.362 27.13 27.114 27.219 344.868 40.026 28.255
planetlab1.u-strasbg.fr 86.624 124.519 118.094 119.499 301.423 278.642 278.378 169.944 169.91 100.508 101.082 13.376 13.322 124.571 101.022 53.096 52.512 100.492 98.074 17.905 17.733 13.385 13.685 32.354 24.173 24.417 327.761 29.764 13.475
planetlab1.umassd.edu 19.872 44.035 54.725 54.444 229.47 207.178 208.479 92.435 92.307 35.391 36.927 102.855 102.444 44.374 36.163 138.907 138.932 35.467 30.744 106.326 107.044 102.427 103.113 118.374 106.152 107.151 251.371 110.919 102.866
planetlab1.uta.edu 36.768 43.545 41.046 41.093 212.293 190.606 191.855 83.23 82.393 22.011 22.774 116.92 116.411 43.679 21.873 157.027 159.157 21.834 41.03 124.374 124.512 116.415 117.76 137.238 125.402 126.171 239.437 124.777 117.112
planetlab1.willab.fi 139.877 166.041 171.664 167.215 356.787 326.615 327.266 207.549 208.173 158.275 157.927 60.299 61.342 167.744 148.485 38.195 38.436 148.666 149.965 54.405 50.314 61.381 60.419 49.964 57.795 62.352 377.632 72.03 65.976
planetlab1.xeno.cl.cam.ac.uk 80.884 108.07 114.445 113.189 295.792 270.298 271.442 152.713 153.943 94.526 94.52 7.957 8.073 108.111 94.918 44.349 44.715 94.161 91.065 15.109 14.741 8.063 8.072 26.454 11.523 11.85 319.85 15.62 8.158
planetlab2-santiago.lan.redclara.net 166.273 162.78 170.835 170.974 349.31 346.128 326.399 227.51 227.641 152.144 152.742 248.003 247.99 200.093 152.518 285.753 285.805 171.455 164.076 252.938 234.145 248.443 249.087 283.52 252.667 271.724 373.622 276.98 268.312
planetlab2-saopaulo.lan.redclara.net 138.7 153.796 143.329 143.56 321.904 298.753 299.418 199.729 200.019 124.437 124.707 220.652 221.298 153.116 124.855 257.401 257.058 124.786 135.896 224.872 225.159 220.254 221.538 237.297 225.134 224.925 347.672 229.478 220.749
planetlab2.acis.ufl.edu 34.019 49.232 39.581 39.818 219.646 196.489 196.596 95.531 95.453 20.845 20.819 117.654 115.909 49.403 20.974 154.499 155.657 20.882 32.351 121.231 121.753 115.886 116.651 132.807 120.11 120.666 246.526 125.484 115.691
planetlab2.arizona-gigapop.net 78.95 47.391 52.787 52.829 159.005 136.078 136.638 37.032 37.09 63.839 63.905 159.617 160.72 47.582 64.227 197.443 198.243 64.105 75.703 164.077 166.279 160.221 160.091 176.953 163.543 164.156 184.508 167.373 160.526
planetlab2.aston.ac.uk 90.1 117.853 122.267 122.728 305.13 279.646 281.458 162.841 162.946 104.036 104.418 17.46 17.471 117.81 103.819 53.473 53.929 103.443 100.67 24.505 24.31 17.458 17.542 32.849 20.903 21.248 328.461 23.402 17.571
planetlab2.c3sl.ufpr.br 146.887 157.507 147.95 148.276 327.995 305.168 304.287 205.61 205.666 128.282 128.677 225.906 229.407 157.351 129.411 262.403 262.486 129.108 147.458 230.137 234.401 229.655 229.656 241.497 233.481 229.642 353.344 235.927 225.909
planetlab2.cis.upenn.edu 7.099 35.242 42.176 42.042 225.224 204.129 205.394 78.52 78.712 19.55 19.504 83.319 83.247 35.434 19.883 127.016 123.93 19.664 17.286 92.91 89.931 83.498 83.542 106.407 88.399 88.418 249.254 93.297 83.462
planetlab2.cnis.nyit.edu 16.796 54.951 47.829 48.136 231.129 212.088 210.68 100.768 102.386 34.614 28.744 91.649 89.189 53.541 29.013 129.555 127.324 31.422 26.004 92.991 90.288 86.662 85.673 104.33 86.379 86.726 256.422 92.661 86.49
planetlab2.cs.colorado.edu 48.464 41.335 41.221 41.271 185.408 165.178 164.81 58.758 58.828 48.022 49.181 132.547 132.046 41.458 48.005 170.273 170.59 48.48 52.486 136.281 135.846 132.351 132.744 149.339 135.558 136.69 209.592 142.347 132.818
planetlab2.cs.okstate.edu 36.926 28.777 47.994 48.09 213.481 194.233 194.806 82.116 81.983 37.118 36.814 120.677 119.5 28.87 37.814 157.722 158.117 37.518 48.121 123.521 129.273 121.156 120.129 136.488 123.862 124.884 237.194 124.55 120.144
planetlab2.cs.purdue.edu 28.317 37.694 57.918 57.928 218.011 199.034 198.999 86.428 85.35 36.403 35.927 110.85 111.42 38.644 35.992 148.996 148.326 37.21 40.436 114.912 120.101 110.333 110.026 128.193 113.983 113.809 241.816 118.56 110.4
planetlab2.cs.ubc.ca 76.688 63.631 89.527 89.498 142.814 123.055 121.596 11.148 11.025 84.427 85.15 158.84 158.867 63.637 84.784 192.141 192.109 84.407 88.973 163.136 163.299 158.858 159.015 171.358 155.961 156.015 168.72 161.897 159.003
planetlab2.cs.ucl.ac.uk 82.161 109.107 113.541 114.735 297.703 272.259 272.538 154.751 154.555 94.988 96.218 9.014 10.933 110.539 96.245 45.608 45.078 95.452 92.326 15.614 15.592 9.103 9.326 24.654 12.692 12.839 322.593 16.821 9.38
planetlab2.cs.uit.no 133.834 161.315 171.454 166.794 348.022 324.944 325.69 210.152 214.801 148.018 143.335 50.653 58.488 157.42 147.851 33.085 33.068 143.163 148.986 52.481 49.499 54.131 54.2 49.503 57.202 57.521 371.736 65.272 56.336
planetlab2.cs.uoi.gr 143.762 181.543 175.567 178.209 357.868 335.035 341.196 227.297 227.172 159.084 158.214 67.076 67.875 181.595 157.097 92.127 91.9 158.186 154.986 56.376 56.736 68.956 67.819 71.223 66.836 67.005 381.622 82.492 69.238
planetlab2.cs.uoregon.edu 72.546 44.749 64.08 64.098 145.452 125.645 125.136 13.398 13.326 74.606 74.678 165.659 165.683 44.827 74.789 193.023 191.278 74.995 85.975 170.065 170.267 165.662 165.825 172.108 160.156 159.46 170.859 165.678 165.812
planetlab2.cs.vu.nl 85.12 112.966 117.252 117.476 299.623 277.474 277.28 158.443 157.042 98.796 98.99 6.902 5.956 112.679 98.892 37.057 36.846 99.458 95.412 7.98 7.967 5.999 5.955 16.512 4.892 5.142 324.041 20.519 6.085
planetlab2.csg.uzh.ch 96.995 137.453 126.855 127.081 313.822 290.771 287.629 182.887 177.603 112.692 114.149 25.213 20.472 134.956 107.795 47.83 45.183 111.469 108.261 9.879 9.924 23.142 20.58 24.216 17.4 22.706 334.653 38.142 20.623
planetlab2.diku.dk 124.109 155.611 160.542 156.478 341.844 320.222 324.341 202.987 198.433 141.208 147.461 50.527 54.956 156.13 142.529 27.45 27.294 142.087 139.183 38.879 38.926 53.776 49.507 39.273 36.147 35.651 368.315 56.861 50.736
planetlab2.dit.upm.es 102.902 134.616 134.446 135.071 317.09 290.881 294.164 183.063 182.914 110.652 113.846 26.644 23.437 137.699 113.81 69.777 66.37 115.674 113.157 27.63 27.928 23.424 23.48 48.574 39.696 40.903 337.487 48.536 26.712
planetlab2.dtc.umn.edu 29.507 22.097 41.422 41.411 199.455 182.276 182.402 67.534 67.388 31.326 31.336 122.083 111.438 22.154 31.476 148.858 149.452 31.474 42.705 120.668 126.71 112.117 110.796 127.585 116.004 116.334 223.659 118.323 116.379
planetlab2.eecs.umich.edu 24.408 17.313 36.662 36.639 194.793 177.919 177.575 62.868 62.693 26.521 26.575 112.612 111.883 17.353 26.684 143.273 143.997 26.67 37.975 110.332 122.001 117.288 111.526 123.166 111.58 111.306 219.106 115.695 111.764
planetlab2.esprit-tn.com 117.469 155.502 150.829 150.315 331.415 311.299 311.306 200.747 201.209 130.872 131.565 43.563 44.943 154.954 131.765 85.722 76.941 131.662 137.633 44.189 46.233 44.396 43.407 55.647 53.42 53.954 358.204 60.436 44.513
planetlab2.fem.tu-ilmenau.de 94.339 132.33 126.169 126.194 308.144 285.346 286.677 177.655 177.597 107.697 108.105 18.072 18.162 132.178 108.307 39.936 39.749 107.688 105.043 7.189 7.372 18.098 18.088 19.394 17.476 17.395 333.248 33.013 18.187
planetlab2.iis.sinica.edu.tw 193.12 162.12 167.826 166.897 54.296 2.051 2.263 120.644 119.158 179.78 180.47 276.657 277.178 161.342 179.216 313.128 313.742 178.315 192.275 280.839 280.187 276.33 276.639 291.704 282.601 282.101 89.311 287.101 276.151
planetlab2.informatik.uni-wuerzburg.de 90.541 128.561 123.733 123.361 305.567 281.893 281.818 173.971 173.617 103.611 103.585 13.9 14.758 128.377 103.636 37.067 37.158 104.973 102.002 3.471 3.518 13.87 15.984 16.941 13.413 13.404 331.372 29.169 14.598
planetlab2.mnlab.cti.depaul.edu 19.527 12.242 31.596 31.594 192.169 173.745 173.266 60.149 60.015 28.595 28.363 104.531 109.165 12.433 27.437 142.274 142.413 28.85 31.677 107.953 113.735 109.18 103.265 121.493 108.409 108.576 216.063 113.318 103.867
planetlab2.mta.ac.il 153.139 188.863 185.907 190.268 372.108 347.772 349.489 236.257 231.233 171.653 170.382 82.827 81.587 190.575 171.677 108.799 113.454 171.273 163.791 79.769 76.05 83.0 81.18 92.929 82.932 83.003 397.564 93.806 82.947
planetlab2.nakao-lab.org 169.593 137.929 143.809 144.217 55.246 36.978 36.323 93.691 95.984 155.916 155.674 251.515 252.883 137.8 155.929 289.796 290.295 155.601 166.767 256.747 256.468 253.05 253.278 267.797 256.316 256.815 77.113 262.733 253.22
planetlab2.netlab.uky.edu 39.779 44.107 63.418 63.43 223.634 205.637 205.405 91.923 91.789 48.416 48.459 123.091 121.836 44.186 49.37 161.103 160.275 49.134 52.449 127.043 132.419 122.301 122.596 139.937 124.165 124.592 249.283 126.922 121.886
planetlab2.ntu.nodes.planet-lab.org 193.986 163.355 169.813 168.85 24.482 2.751 3.103 120.204 119.796 179.621 179.219 275.303 276.303 162.312 180.665 315.756 315.826 180.521 191.691 281.126 281.326 277.165 276.821 291.859 281.309 282.441 59.169 285.401 276.545
planetlab2.pop-mg.rnp.br 153.08 158.953 148.767 148.078 328.721 306.636 305.881 207.309 206.306 129.754 145.231 227.536 227.552 159.064 130.861 268.494 268.976 129.597 141.745 235.229 235.532 231.166 231.155 243.345 239.39 235.194 357.45 240.004 228.01
planetlab2.pop-pa.rnp.br 216.193 222.093 212.455 211.151 391.821 368.468 369.419 269.757 270.326 207.407 207.804 290.398 294.233 222.404 192.745 326.772 331.384 193.855 211.467 298.207 298.776 290.267 294.352 306.277 298.113 302.634 418.673 300.662 290.584
planetlab2.pop-rj.rnp.br 147.512 157.705 147.774 146.774 327.276 305.091 305.222 205.865 205.242 144.0 143.305 233.346 229.577 157.341 129.585 266.637 266.8 128.106 139.423 233.855 230.772 233.353 229.688 245.688 229.573 229.82 357.398 238.151 229.673
planetlab2.rd.tut.fi 116.487 144.876 153.854 158.1 338.388 307.99 318.25 189.31 194.186 135.076 139.672 43.164 47.42 148.686 134.703 20.002 20.136 130.334 131.327 43.664 32.284 42.175 42.956 31.727 39.716 39.748 357.831 49.548 47.419
planetlab2.rutgers.edu 7.711 60.6 41.763 42.538 225.97 204.698 203.654 94.327 94.226 19.543 19.564 78.141 78.107 60.719 20.151 120.346 120.358 19.701 18.136 85.042 85.032 77.941 78.349 99.318 80.009 80.029 250.718 85.534 78.252
planetlab2.s3.kth.se 111.284 143.24 144.35 148.74 320.887 302.847 308.402 184.804 184.494 129.946 130.154 37.015 31.515 138.92 125.218 10.576 10.632 120.719 121.844 34.127 22.887 31.634 33.797 21.271 34.763 35.506 354.131 45.708 31.707
planetlab2.sics.se 111.439 138.71 143.711 139.401 321.052 308.011 303.146 191.759 185.278 125.042 120.898 28.005 31.53 138.616 120.855 10.475 10.426 130.244 126.505 29.457 27.089 31.563 31.621 26.926 34.96 34.942 348.38 47.193 31.772
planetlab2.singaren.net.sg 233.96 195.361 208.623 208.481 33.108 50.556 50.792 156.761 156.656 219.72 218.947 316.532 314.975 195.939 220.23 352.415 352.603 219.507 231.35 320.814 320.565 314.947 315.591 331.724 318.807 320.334 7.142 324.025 315.613
planetlab2.tau.ac.il 174.925 212.945 207.547 207.634 388.23 367.235 366.615 258.464 258.189 188.883 188.107 100.116 99.045 212.857 189.574 123.534 123.468 188.004 186.317 88.016 87.976 98.959 100.409 102.368 98.187 98.198 416.172 110.916 100.237
planetlab2.temple.edu 9.395 36.853 48.246 48.096 222.382 199.365 199.939 91.452 89.231 24.364 24.468 97.549 99.111 37.901 25.836 128.997 125.143 24.708 20.461 94.202 91.172 99.479 96.348 107.249 104.783 99.765 250.949 103.751 98.114
planetlab2.thlab.net 85.976 117.409 129.661 129.447 307.218 285.383 285.038 169.926 170.393 100.428 100.088 17.242 16.911 118.335 99.656 50.582 50.583 99.949 97.104 18.531 18.605 16.699 17.409 30.819 20.571 20.459 331.95 25.463 17.025
planetlab2.tsuniv.edu 38.068 53.216 41.552 42.837 220.581 196.417 196.44 96.584 96.013 21.193 21.014 119.68 118.806 53.952 21.679 158.735 158.371 21.419 40.886 122.645 123.345 118.36 119.282 136.983 121.397 121.587 245.381 128.88 120.705
planetlab2.uc3m.es 99.819 134.591 129.343 129.499 311.608 289.083 288.775 180.339 183.237 113.883 113.458 23.583 23.505 137.827 111.625 62.999 62.983 113.325 110.511 34.567 28.149 26.768 23.7 42.4 39.696 35.478 337.839 37.635 27.071
planetlab2.unineuchatel.ch 96.803 136.852 130.826 133.237 310.726 290.997 293.451 182.337 182.326 114.672 113.198 24.31 21.612 134.391 115.91 44.731 44.734 113.295 109.746 11.919 11.939 23.154 23.305 26.548 19.41 19.56 336.099 35.285 21.701
planetlab2.upm.ro 157.834 175.287 174.89 174.974 360.933 337.044 340.635 227.624 223.405 170.351 175.353 57.385 56.075 177.531 169.489 77.404 74.669 170.062 160.072 41.977 39.193 54.95 59.013 56.645 52.241 52.192 384.595 65.117 59.026
planetlab2.urv.cat 117.629 152.123 150.096 147.73 331.592 306.883 306.563 197.489 197.747 125.462 125.381 41.177 37.961 152.49 128.651 77.061 77.322 127.79 122.536 45.538 42.72 37.619 41.356 59.918 55.172 50.654 358.338 51.849 37.82
planetlab2.utep.edu 54.629 65.833 43.98 43.877 232.103 210.934 211.442 91.548 91.729 40.597 40.848 134.447 133.691 66.153 41.165 174.583 175.55 40.957 58.614 140.78 140.769 134.361 134.017 154.712 138.658 139.107 258.563 144.295 134.254
planetlab2.utt.fr 99.253 136.641 130.641 131.355 313.852 291.68 291.314 182.467 182.215 113.002 112.676 25.847 25.953 137.098 113.309 65.583 65.439 113.938 110.259 30.38 30.541 25.899 26.167 44.839 34.256 35.867 338.936 39.945 26.037
planetlab2.williams.edu 22.709 43.35 52.796 58.13 226.611 208.893 205.715 90.953 90.954 34.4 34.596 100.781 100.476 43.313 35.169 138.263 138.173 34.415 29.545 105.068 107.064 103.295 100.951 116.817 104.919 107.239 256.731 111.571 117.165
planetlab2.wiwi.hu-berlin.de 103.407 135.635 135.6 135.476 319.006 293.897 294.22 181.681 180.98 117.612 117.657 26.743 25.064 135.902 117.846 25.398 25.188 117.339 114.265 17.261 17.365 24.744 24.826 4.326 24.303 24.503 343.796 38.678 24.853
planetlab2lannion.elibel.tm.fr 89.561 127.537 122.577 121.588 303.019 281.485 282.583 172.997 172.856 103.191 103.864 16.552 16.676 127.547 104.188 55.992 56.096 103.75 100.451 20.92 20.842 16.42 16.726 35.283 27.371 25.381 333.019 32.776 16.558
planetlab3.comp.nus.edu.sg 233.215 195.937 207.988 208.732 32.377 50.75 50.931 157.411 156.453 219.751 219.848 316.862 316.629 195.85 219.547 353.363 354.187 219.031 231.429 320.133 321.384 316.239 316.426 331.874 320.948 320.817 11.253 321.993 316.608
planetlab3.cse.nd.edu 33.951 44.197 63.549 63.456 222.693 203.795 203.747 92.016 90.949 41.606 41.616 121.291 115.903 43.423 41.902 154.258 154.799 41.896 46.107 120.724 125.735 115.506 121.451 133.893 119.225 119.402 246.946 124.483 121.483
planetlab3.hiit.fi 118.579 141.067 146.46 151.242 332.228 310.641 305.864 191.558 187.069 132.262 132.107 39.696 39.458 145.852 128.036 17.431 17.692 128.186 129.201 28.796 29.255 43.643 44.938 29.142 41.299 37.36 352.4 49.723 39.511
planetlab3.informatik.uni-erlangen.de 91.545 129.566 123.872 123.783 305.25 283.506 284.11 175.204 175.042 105.771 105.129 15.947 15.951 129.592 105.243 37.18 37.172 106.436 103.256 4.663 4.808 17.038 15.402 16.441 14.388 14.706 332.461 30.337 15.945
planetlab3.mini.pw.edu.pl 126.816 151.497 153.897 158.401 343.476 318.691 319.538 198.965 199.851 150.336 150.804 49.963 45.553 147.498 152.686 47.692 47.763 146.841 135.765 35.74 36.741 45.624 45.846 43.257 48.247 48.15 374.653 61.962 45.642
planetlab4.cs.st-andrews.ac.uk 90.502 118.23 123.988 123.156 305.142 281.276 280.696 163.864 163.706 104.373 105.266 18.248 18.148 118.814 104.741 54.273 54.467 105.038 101.303 25.167 24.586 18.209 18.334 33.679 21.717 21.868 329.029 25.963 18.339
planetlab4.cslab.ece.ntua.gr 136.957 175.118 170.395 169.951 350.193 328.586 328.826 220.674 220.616 150.516 150.947 62.331 60.936 175.197 151.692 85.259 85.596 151.308 148.169 50.124 50.307 60.958 60.769 64.772 60.166 60.502 376.553 75.788 60.879
planetlab4.goto.info.waseda.ac.jp 165.678 134.094 140.735 141.034 54.988 32.815 33.425 93.164 91.7 151.784 151.836 248.682 249.729 134.463 152.515 287.091 286.694 152.415 163.976 253.453 252.795 249.12 249.38 264.24 253.561 252.484 83.134 254.64 249.789
planetlab4.n.info.eng.osaka-cu.ac.jp 174.916 139.46 149.219 149.125 51.712 42.039 41.347 99.329 98.994 160.616 160.246 257.702 257.625 139.408 160.851 293.72 293.867 160.762 172.426 262.347 260.899 257.169 258.235 273.314 262.041 260.802 80.045 263.98 257.646
planetlab4.netmedia.gist.ac.kr 242.073 196.285 210.377 206.641 45.035 67.92 68.601 156.654 210.99 221.559 221.064 306.024 306.446 196.472 223.893 346.804 348.341 217.866 233.336 314.212 313.703 307.11 307.292 326.711 310.849 311.502 78.804 314.278 305.643
planetlab4.wail.wisc.edu 24.529 16.641 36.079 36.069 194.155 176.934 177.224 62.221 62.01 25.921 26.047 116.8 106.003 17.003 26.12 143.39 143.019 26.212 37.334 111.466 121.562 105.887 111.13 122.42 111.244 111.01 217.253 112.639 105.246
planetlab5.flux.utah.edu 54.19 46.685 51.707 51.656 205.934 187.188 187.415 74.201 40.245 53.094 53.495 138.736 137.689 46.778 54.044 174.41 174.259 53.239 81.92 140.099 146.138 137.979 143.575 153.557 139.821 140.575 231.773 146.542 138.366
planetlab6.cs.cornell.edu 22.511 43.457 51.564 51.087 227.646 206.135 206.561 95.567 95.676 36.34 35.408 94.014 93.445 43.952 37.066 134.004 132.913 36.498 32.924 96.445 98.101 93.397 94.029 112.073 95.699 95.2 250.697 98.747 93.58
planetlab6.cs.duke.edu 31.336 46.73 36.799 36.766 217.853 195.597 195.693 92.164 92.013 18.198 18.314 113.746 113.828 46.795 18.435 150.999 151.096 18.231 29.461 117.985 118.341 113.794 114.556 130.069 118.325 118.484 242.498 120.438 114.04
planetlab6.cs.uiuc.edu 21.574 14.337 33.832 33.774 193.77 174.35 175.561 62.085 62.121 29.86 29.857 104.512 103.767 14.483 31.115 143.908 143.221 29.956 34.166 110.078 114.112 109.322 103.86 123.16 107.821 107.898 218.122 112.11 109.417
planetlab7.csres.utexas.edu 40.458 52.888 30.413 30.462 218.933 198.577 198.104 78.031 78.161 27.442 27.661 120.656 120.35 52.427 27.845 162.542 164.481 27.641 45.446 127.505 127.384 120.389 120.887 141.257 125.159 125.437 243.719 128.853 120.198
planetlabeu-2.tssg.org 95.606 120.923 126.629 126.24 311.781 285.01 288.551 169.787 166.557 106.839 108.701 24.876 24.918 123.342 109.494 57.313 60.873 109.717 106.235 27.884 26.791 22.946 23.167 36.55 24.476 25.932 337.419 4.52 24.957
planetlabpc1.upf.edu 116.479 151.143 146.693 145.778 330.815 301.663 305.197 193.799 199.981 127.905 124.394 37.019 40.213 148.187 127.503 76.647 79.848 128.045 124.376 44.535 41.502 37.033 40.589 59.089 48.782 48.949 352.924 56.651 37.077
planetlabtwo.ccs.neu.edu 26.589 32.944 51.5 51.319 211.168 192.722 192.284 79.326 79.128 33.27 33.07 101.928 101.217 33.109 33.429 139.365 139.343 33.163 38.678 106.059 111.241 106.524 101.372 119.041 106.536 106.454 237.135 109.95 101.602
planetslug5.cse.ucsc.edu 75.07 64.647 81.155 81.411 159.654 140.953 140.776 27.283 27.071 81.162 80.2 161.999 162.34 64.523 80.527 195.192 195.194 81.372 84.583 166.732 166.399 162.293 162.115 174.154 159.172 158.963 187.185 161.679 162.493
planetvs2.informatik.uni-stuttgart.de 92.224 133.79 123.521 126.133 308.821 283.562 286.764 177.208 177.059 107.425 108.695 16.711 15.348 129.962 110.541 40.402 40.152 110.065 103.461 6.881 6.963 17.518 19.632 19.542 15.062 17.508 330.672 34.544 15.768
ple1.dmcs.p.lodz.pl 129.436 155.592 160.57 161.105 348.065 324.701 325.843 202.352 202.015 137.572 142.254 52.037 51.921 156.162 143.963 40.354 40.434 138.13 135.746 51.277 43.778 51.908 52.294 51.327 52.906 52.108 374.366 60.088 47.761
ple2.tu.koszalin.pl 129.405 151.997 160.346 160.448 343.581 320.62 325.813 203.171 202.073 143.545 138.463 51.744 51.607 155.532 142.156 40.523 40.398 137.825 135.531 50.935 43.683 47.292 47.546 50.724 47.752 47.543 368.019 62.832 47.471
pli1-pa-4.hpl.hp.com 70.652 49.355 51.04 50.984 154.795 135.727 135.178 22.506 22.481 62.724 62.761 151.055 151.016 49.524 62.905 184.263 184.328 62.972 80.554 155.51 155.623 150.97 151.212 163.228 151.141 151.283 177.725 153.756 151.094
pllx1.parc.xerox.com 79.716 61.286 53.415 53.381 169.936 147.491 148.345 42.88 42.72 65.317 65.301 162.037 162.794 61.386 65.467 200.845 199.659 65.021 83.539 167.178 165.734 162.408 162.767 179.188 167.566 167.456 194.086 171.554 162.195
plnode-04.gpolab.bbn.com 16.006 38.787 51.202 51.171 228.227 207.359 207.984 91.368 91.366 28.769 28.982 88.902 89.221 38.515 30.131 126.833 126.872 28.974 26.418 92.606 92.906 89.421 89.476 106.264 92.633 93.712 254.103 99.982 89.73
plonk.cs.uwaterloo.ca 31.001 32.532 51.848 51.846 210.35 192.421 193.098 77.972 77.831 41.061 41.481 102.402 102.403 32.534 41.339 141.855 141.72 41.991 42.503 106.45 106.861 102.26 102.505 120.942 102.034 103.751 233.94 109.904 102.447
pnode2.pdcc-ntu.singaren.net.sg 233.115 195.284 208.571 207.769 31.699 50.424 50.674 156.147 156.524 219.475 219.13 315.84 315.586 195.631 219.977 353.064 353.348 219.756 230.477 320.538 319.772 315.461 316.002 331.625 319.434 320.343 11.688 324.11 315.582
pub2-s.ane.cmc.osaka-u.ac.jp 176.081 140.024 149.676 150.011 52.283 42.464 41.863 99.215 99.087 160.68 161.412 257.681 258.096 140.913 161.438 294.712 294.871 161.762 172.457 262.35 262.688 258.886 258.07 274.609 262.377 261.125 80.541 264.034 257.845
ricepl-4.cs.rice.edu 34.597 39.273 13.926 14.159 187.047 165.468 166.121 60.516 60.365 20.495 20.552 114.681 114.504 39.475 20.936 156.166 156.927 20.741 38.715 121.72 121.743 114.021 113.794 133.681 118.575 119.077 214.533 124.19 114.103
roam1.cs.ou.edu 37.646 31.102 31.149 31.071 205.356 183.231 183.842 78.593 78.359 28.862 29.293 122.36 122.3 31.383 29.271 159.61 160.768 28.911 42.706 124.747 127.041 121.736 122.337 138.386 123.945 123.857 229.534 131.722 122.465
roti.mimuw.edu.pl 124.886 155.476 163.753 164.323 343.982 322.619 324.08 196.966 200.507 137.962 143.073 46.462 46.553 154.518 138.266 39.203 39.38 141.259 135.358 42.611 43.243 50.841 46.651 49.847 46.477 51.368 366.005 57.031 46.62
thalescom-48-41.cnt.nerim.net 90.412 126.765 120.761 121.107 303.107 281.06 281.121 171.833 171.691 102.306 102.664 15.443 15.45 126.788 102.84 55.013 55.384 103.767 98.994 19.685 19.663 15.196 15.888 33.672 23.968 26.48 337.089 29.522 15.558
ttu1-1.nodes.planet-lab.org 46.319 53.686 33.598 33.568 210.873 187.586 187.918 88.937 88.388 29.316 29.448 131.441 131.536 54.14 29.671 170.553 170.122 29.423 50.375 135.023 134.825 131.467 131.577 148.455 135.297 135.829 235.339 139.267 131.511
uoepl1.essex.ac.uk 82.095 110.078 113.507 113.394 296.389 272.967 272.52 155.916 154.604 95.167 96.216 9.101 9.194 108.66 95.824 45.561 45.526 96.054 92.305 15.792 15.474 9.18 9.231 24.802 12.593 12.908 322.174 16.981 9.395
venus.silicon-valley.ru 134.982 170.713 169.079 170.888 352.962 329.847 328.148 215.63 214.758 152.181 151.728 54.713 53.64 170.03 150.097 34.892 34.767 150.507 147.722 56.452 57.256 50.688 53.977 51.258 53.818 49.08 373.863 66.443 49.476
vn5.cse.wustl.edu 27.55 18.96 38.481 38.289 197.416 179.548 179.817 65.109 65.078 35.986 35.683 119.035 121.469 19.189 35.568 147.561 147.447 36.257 39.851 113.46 118.438 121.493 116.167 125.909 118.067 118.406 221.197 127.697 115.784
